beta: 0.7933801934516135
nli_threshold: 0.9538616912771117
