beta: 0.839407617174069
nli_threshold: 0.5177547990006122
