beta: 0.9477659002597891
nli_threshold: 0.6232324324963827
