beta: 0.7675802482155077
nli_threshold: 0.8905116918764409
