beta: 0.718691764973022
nli_threshold: 0.8009031823680652
