beta: 0.7529088401928214
nli_threshold: 0.855105664931889
