beta: 0.8603673459181451
nli_threshold: 0.7332292591149674
