beta: 0.8044986961168654
nli_threshold: 0.8731867697151827
