beta: 0.47875490399785087
nli_threshold: 0.9767621539637475
