beta: 0.47971287063385204
nli_threshold: 0.8408474513023592
