beta: 0.8572674124878357
nli_threshold: 0.5288061979069539
