beta: 0.8024725732173951
nli_threshold: 0.9684746808846886
